X XXXXXXXXXXXXXXXXXXXXXXXXXXXXXXXX XXXXXXXXXXXXXXXXXXXXXXXXXXXXXXXX
X XXXXXXXXXXXXXXXXXXXXXXXXXXXXXXXX XXXXXXXXXXXXXXXXXXXXXXXXXXXXXXXX
1 XXXXXXXXXXXXXXXXXXXXXXXXXXXXXXXX XXXXXXXXXXXXXXXXXXXXXXXXXXXXXXXX
0 00111111000000000000000000000000 10111110111000000000000000000000
0 10111110011010000000000000000000 00111111111100000000000000000000
0 10111111111100000000000000000000 10111110011010000000000000000000 
0 01111111010000000000000000000000 00000000100100000000000000000000
0 00000000100100000000000000000000 01111111010000000000000000000000
0 00111111011100000000000000000000 00111111000000000000000000000001
0 00000111111100000000000000000000 00000111111100000000000000000001
0 00000111101111111111111111111000 00000111101111111111111111111001
0 11000111111110000000000000000000 11001011111111111111111111111100
0 11000111111110000000000000000000 11001011111111111111111111111100
.