XXXXXXXXXXXXXXXXXXXXXXXXXXXXXXXX
XXXXXXXXXXXXXXXXXXXXXXXXXXXXXXXX
XXXXXXXXXXXXXXXXXXXXXXXXXXXXXXXX
XXXXXXXXXXXXXXXXXXXXXXXXXXXXXXXX
01000011011000000000000000000000
11000101111011101000000000000000
01000101100001111000000000000000
01001000111111101000000000000000
11000100101001110100000000000000
11000100101110100000000000000000
11000011110010100000000000000000
11000011101110000000000000000000
01000110010110000000000000000000
11000100111100001100000000000000
11000010100100000000000000000000
01000101000000000000000000000000
11000111100000111111010000000000
11000101110000001000000000000000
11000111110110000001100000000000
11000011001010000000000000000000
11000101011111101000000000000000
01000001110000000000000000000000
11000110101010111000000000000000
11001000110000110000000000000000
01000101000000000000000000000000
11000110101011110010000000000000
11000101001110000000000000000000
11000100111110000000000000000000
11000100011110110100000000000000
11000010000000000000000000000000
01001000000000000010001100000000
01000100101000000000000000000000
11000100011001111000000000000000
11000110011100000000000000000000
01000100011110000000000000000000
01000101110000000000000000000000
11000010001101000000000000000000
11000011011010000000000000000000
01000110111110000000000000000000
01000011001000100000000000000000
11000110101000000000000000000000
11001001101001111111111010000000
11001000101110001010000000000000
01000101011111011100000000000000
01000111011110100000000000000000
01000110011111110010010000000000
11000110101000100000000000000000
11000001100110000000000000000000
01000110100100111111011000000000
01000110000110100000000000000000
11000111010100000000000000000000
11000101111010000000000000000000
11000101100100000001000000000000
01000011110000000000000000000000
01000111001011010100000000000000
11000110011000000000000000000000
11000111101000100101010000000000
01000101000111011000000000000000
01000101010110000000000000000000
11000111000110000000000000000000
11000111100000000001110000000000
01001000001011001101000000000000
01000110100111110011000000000000
01000001111000000000000000000000
11000010100000000000000000000000
11000100110111000000000000000000
11000011000010000000000000000000
11001000100101011011100000000000
01000101011110100000000000000000
11000100101001110000000000000000
01000101000101010000000000000000
11000011100100000000000000000000
11001000001010111111001010000000
11000101011011000000000000000000
11000110111111010000000000000000
11000011010100000000000000000000
01000110100001100011010000000000
11000111010111111101000000000000
01000110100000110000000000000000
01000111100000110101110000000000
01000011101110000000000000000000
11000100101000000000000000000000
11000011100010001000000000000000
11000111101001111011000000000000
01000101100101111000000000000000
11000111100111111110111000000000
01000101011101000000000000000000
11000101010001010000000000000000
11000101001011001000000000000000
11001000000001000000111110000000
01001000001011111011100000000000
11001000000111111000000000000000
01000101111010010000000000000000
01001000010001010000000000000000
11000011011111000000000000000000
01001000101000011001000000000000
11000110100010110000000000000000
01001000110000001010000000000000
11000111100111011000000000000000
01000111100111100000000000000000
01001000011111111111101000000000
01001000111110000000000000000000
11000110111110000000000000000000
01000011101000000000000000000000
01000011011110110000000000000000
11001001101010100000000100000000
11000110011100000000000000000000
01000100011000111000000000000000
11001000001111001101000000000000
01001000010101111111101000000000
11000110101011000000000000000000
11000101110000000000000000000000
01000110100010000000011000000000
11000110010110000000000000000000
.